pair_index	right_chr	right_start	right_end	left_chr	left_start	left_end	right_samples_amped	right_samples_non_amped	left_samples_amped	left_samples_non_amped	right_AmpFreq	left_AmpFreq	Fisher_pval	qval
1	chr7	55380001	55390000	chr7	55160001	55170000	32	1	32	1	0.96969696969697	0.96969696969697	1	1
2	chr7	55390001	55400000	chr7	55150001	55160000	32	1	32	1	0.96969696969697	0.96969696969697	1	1
3	chr7	55400001	55410000	chr7	55140001	55150000	32	1	32	1	0.96969696969697	0.96969696969697	1	1
4	chr7	55410001	55420000	chr7	55130001	55140000	31	2	32	1	0.939393939393939	0.96969696969697	1	1
5	chr7	55420001	55430000	chr7	55120001	55130000	31	2	32	1	0.939393939393939	0.96969696969697	1	1
6	chr7	55430001	55440000	chr7	55110001	55120000	31	2	32	1	0.939393939393939	0.96969696969697	1	1
7	chr7	55440001	55450000	chr7	55100001	55110000	32	1	32	1	0.96969696969697	0.96969696969697	1	1
8	chr7	55450001	55460000	chr7	55090001	55100000	32	1	32	1	0.96969696969697	0.96969696969697	1	1
9	chr7	55460001	55470000	chr7	55080001	55090000	32	1	31	2	0.96969696969697	0.939393939393939	1	1
10	chr7	55470001	55480000	chr7	55070001	55080000	32	1	31	2	0.96969696969697	0.939393939393939	1	1
11	chr7	55480001	55490000	chr7	55060001	55070000	32	1	31	2	0.96969696969697	0.939393939393939	1	1
12	chr7	55490001	55500000	chr7	55050001	55060000	31	2	31	2	0.939393939393939	0.939393939393939	1	1
13	chr7	55500001	55510000	chr7	55040001	55050000	30	3	31	2	0.909090909090909	0.939393939393939	1	1
14	chr7	55510001	55520000	chr7	55030001	55040000	29	4	31	2	0.878787878787879	0.939393939393939	0.672371344502492	1
15	chr7	55520001	55530000	chr7	55020001	55030000	29	4	31	2	0.878787878787879	0.939393939393939	0.672371344502492	1
16	chr7	55530001	55540000	chr7	55010001	55020000	29	4	30	3	0.878787878787879	0.909090909090909	1	1
17	chr7	55540001	55550000	chr7	55000001	55010000	29	4	30	3	0.878787878787879	0.909090909090909	1	1
18	chr7	55550001	55560000	chr7	54990001	55000000	29	4	29	4	0.878787878787879	0.878787878787879	1	1
19	chr7	55560001	55570000	chr7	54980001	54990000	29	4	28	5	0.878787878787879	0.848484848484848	1	1
20	chr7	55570001	55580000	chr7	54970001	54980000	28	5	27	6	0.848484848484848	0.818181818181818	1	1
21	chr7	55580001	55590000	chr7	54960001	54970000	28	5	27	6	0.848484848484848	0.818181818181818	1	1
22	chr7	55590001	55600000	chr7	54950001	54960000	28	5	27	6	0.848484848484848	0.818181818181818	1	1
23	chr7	55600001	55610000	chr7	54940001	54950000	28	5	27	6	0.848484848484848	0.818181818181818	1	1
24	chr7	55610001	55620000	chr7	54930001	54940000	28	5	27	6	0.848484848484848	0.818181818181818	1	1
25	chr7	55620001	55630000	chr7	54920001	54930000	27	6	27	6	0.818181818181818	0.818181818181818	1	1
26	chr7	55630001	55640000	chr7	54910001	54920000	27	6	27	6	0.818181818181818	0.818181818181818	1	1
27	chr7	55640001	55650000	chr7	54900001	54910000	27	6	27	6	0.818181818181818	0.818181818181818	1	1
28	chr7	55650001	55660000	chr7	54890001	54900000	27	6	27	6	0.818181818181818	0.818181818181818	1	1
29	chr7	55660001	55670000	chr7	54880001	54890000	27	6	27	6	0.818181818181818	0.818181818181818	1	1
30	chr7	55670001	55680000	chr7	54870001	54880000	25	8	27	6	0.757575757575758	0.818181818181818	0.764248316797698	1
31	chr7	55680001	55690000	chr7	54860001	54870000	25	8	27	6	0.757575757575758	0.818181818181818	0.764248316797698	1
