pair_index	right_chr	right_start	right_end	left_chr	left_start	left_end	right_samples_amped	right_samples_non_amped	left_samples_amped	left_samples_non_amped	right_AmpFreq	left_AmpFreq	Fisher_pval	qval
1	chr8	38660001	38670000	chr8	38530001	38540000	72	1	71	2	0.986301369863014	0.972602739726027	1	1
2	chr8	38670001	38680000	chr8	38520001	38530000	71	2	70	3	0.972602739726027	0.958904109589041	1	1
3	chr8	38680001	38690000	chr8	38510001	38520000	70	3	70	3	0.958904109589041	0.958904109589041	1	1
4	chr8	38690001	38700000	chr8	38500001	38510000	69	4	69	4	0.945205479452055	0.945205479452055	1	1
5	chr8	38700001	38710000	chr8	38490001	38500000	69	4	69	4	0.945205479452055	0.945205479452055	1	1
6	chr8	38710001	38720000	chr8	38480001	38490000	69	4	69	4	0.945205479452055	0.945205479452055	1	1
7	chr8	38720001	38730000	chr8	38470001	38480000	68	5	69	4	0.931506849315068	0.945205479452055	1	1
8	chr8	38730001	38740000	chr8	38460001	38470000	65	8	67	6	0.89041095890411	0.917808219178082	0.779738835113281	1
9	chr8	38740001	38750000	chr8	38450001	38460000	65	8	66	7	0.89041095890411	0.904109589041096	1	1
10	chr8	38750001	38760000	chr8	38440001	38450000	65	8	66	7	0.89041095890411	0.904109589041096	1	1
11	chr8	38760001	38770000	chr8	38430001	38440000	65	8	65	8	0.89041095890411	0.89041095890411	1	1
12	chr8	38770001	38780000	chr8	38420001	38430000	65	8	63	10	0.89041095890411	0.863013698630137	0.801965023137606	1
13	chr8	38780001	38790000	chr8	38410001	38420000	64	9	63	10	0.876712328767123	0.863013698630137	1	1
14	chr8	38790001	38800000	chr8	38400001	38410000	64	9	62	11	0.876712328767123	0.849315068493151	0.810385407980574	1
15	chr8	38800001	38810000	chr8	38390001	38400000	63	10	62	11	0.863013698630137	0.849315068493151	1	1
16	chr8	38810001	38820000	chr8	38380001	38390000	62	11	60	13	0.849315068493151	0.821917808219178	0.823736629674962	1
17	chr8	38820001	38830000	chr8	38370001	38380000	60	13	60	13	0.821917808219178	0.821917808219178	1	1
18	chr8	38830001	38840000	chr8	38360001	38370000	58	15	59	14	0.794520547945206	0.808219178082192	1	1
19	chr8	38840001	38850000	chr8	38350001	38360000	57	16	59	14	0.780821917808219	0.808219178082192	0.837999596124086	1
20	chr8	38850001	38860000	chr8	38340001	38350000	57	16	59	14	0.780821917808219	0.808219178082192	0.837999596124086	1
21	chr8	38860001	38870000	chr8	38330001	38340000	56	17	59	14	0.767123287671233	0.808219178082192	0.686124217490417	1
22	chr8	38870001	38880000	chr8	38320001	38330000	54	19	59	14	0.73972602739726	0.808219178082192	0.428976197889642	1
23	chr8	38880001	38890000	chr8	38310001	38320000	53	20	59	14	0.726027397260274	0.808219178082192	0.327635848968353	1
24	chr8	38890001	38900000	chr8	38300001	38310000	54	19	59	14	0.73972602739726	0.808219178082192	0.428976197889642	1
25	chr8	38900001	38910000	chr8	38290001	38300000	54	19	59	14	0.73972602739726	0.808219178082192	0.428976197889642	1
26	chr8	38910001	38920000	chr8	38280001	38290000	52	21	59	14	0.712328767123288	0.808219178082192	0.244572955834653	1
